Entities
13
4223.94 3661.26 0.00 0.00
3506.50 4660.50 0.00 0.00
3648.00 3776.00 0.00 0.00
4282.67 3466.00 0.00 0.00
1280.00 4544.00 0.00 0.00
4885.00 4210.00 0.00 0.00
734.67 984.00 0.00 0.00
596.00 2437.33 0.00 0.00
1372.67 4073.33 0.00 0.00
3328.00 2880.00 0.00 0.00
4096.00 2048.00 0.00 0.00
4318.32 1482.47 0.00 0.00
1790.75 2304.25 0.00 0.00
Monsters
308
4096.00 4032.00 64.00 64.00
4032.00 4032.00 64.00 64.00
3968.00 4032.00 64.00 64.00
3968.00 4096.00 64.00 64.00
4032.00 4096.00 64.00 64.00
4096.00 4096.00 64.00 64.00
2624.00 3456.00 64.00 64.00
2688.00 3456.00 64.00 64.00
2624.00 3392.00 64.00 64.00
2560.00 3392.00 64.00 64.00
2560.00 3456.00 64.00 64.00
2688.00 3520.00 64.00 64.00
2624.00 3520.00 64.00 64.00
2752.00 3520.00 64.00 64.00
2752.00 3584.00 64.00 64.00
2816.00 3584.00 64.00 64.00
2816.00 3648.00 64.00 64.00
2880.00 3712.00 64.00 64.00
2880.00 3648.00 64.00 64.00
2496.00 3392.00 64.00 64.00
2496.00 3328.00 64.00 64.00
2432.00 3328.00 64.00 64.00
2432.00 3392.00 64.00 64.00
2496.00 3456.00 64.00 64.00
2368.00 3328.00 64.00 64.00
2368.00 3264.00 64.00 64.00
2944.00 2880.00 64.00 64.00
3008.00 2752.00 64.00 64.00
3008.00 2688.00 64.00 64.00
2944.00 2688.00 64.00 64.00
2880.00 2816.00 64.00 64.00
2880.00 2752.00 64.00 64.00
2944.00 2752.00 64.00 64.00
3008.00 2880.00 64.00 64.00
3008.00 2816.00 64.00 64.00
2944.00 2816.00 64.00 64.00
2880.00 2880.00 64.00 64.00
2816.00 2752.00 64.00 64.00
3584.00 2752.00 64.00 64.00
3648.00 2752.00 64.00 64.00
3712.00 2752.00 64.00 64.00
3584.00 2816.00 64.00 64.00
3648.00 2816.00 64.00 64.00
3712.00 2816.00 64.00 64.00
3584.00 2880.00 64.00 64.00
3648.00 2880.00 64.00 64.00
3712.00 2880.00 64.00 64.00
3776.00 2816.00 64.00 64.00
3840.00 2816.00 64.00 64.00
3904.00 2816.00 64.00 64.00
3776.00 2880.00 64.00 64.00
3840.00 2880.00 64.00 64.00
3904.00 2880.00 64.00 64.00
3776.00 2944.00 64.00 64.00
3840.00 2944.00 64.00 64.00
3904.00 2944.00 64.00 64.00
3968.00 2880.00 64.00 64.00
4032.00 2880.00 64.00 64.00
4096.00 2880.00 64.00 64.00
3968.00 2944.00 64.00 64.00
4032.00 2944.00 64.00 64.00
4096.00 2944.00 64.00 64.00
3968.00 3008.00 64.00 64.00
4032.00 3008.00 64.00 64.00
4096.00 3008.00 64.00 64.00
3968.00 2816.00 64.00 64.00
4032.00 2816.00 64.00 64.00
3456.00 3328.00 64.00 64.00
3520.00 3328.00 64.00 64.00
3584.00 3328.00 64.00 64.00
3456.00 3392.00 64.00 64.00
3520.00 3392.00 64.00 64.00
3584.00 3392.00 64.00 64.00
3456.00 3456.00 64.00 64.00
3520.00 3456.00 64.00 64.00
3584.00 3456.00 64.00 64.00
3456.00 3136.00 64.00 64.00
3520.00 3136.00 64.00 64.00
3584.00 3136.00 64.00 64.00
3456.00 3200.00 64.00 64.00
3520.00 3200.00 64.00 64.00
3584.00 3200.00 64.00 64.00
3456.00 3264.00 64.00 64.00
3520.00 3264.00 64.00 64.00
3584.00 3264.00 64.00 64.00
3648.00 3328.00 64.00 64.00
3648.00 3392.00 64.00 64.00
3648.00 3456.00 64.00 64.00
3648.00 3136.00 64.00 64.00
3712.00 3136.00 64.00 64.00
3776.00 3136.00 64.00 64.00
3648.00 3200.00 64.00 64.00
3712.00 3200.00 64.00 64.00
3776.00 3200.00 64.00 64.00
3648.00 3264.00 64.00 64.00
3712.00 3264.00 64.00 64.00
3776.00 3264.00 64.00 64.00
4288.00 4032.00 64.00 64.00
4224.00 4032.00 64.00 64.00
4160.00 4032.00 64.00 64.00
4160.00 4096.00 64.00 64.00
4224.00 4096.00 64.00 64.00
4288.00 4096.00 64.00 64.00
4480.00 4032.00 64.00 64.00
4416.00 4032.00 64.00 64.00
4352.00 4032.00 64.00 64.00
4352.00 4096.00 64.00 64.00
4416.00 4096.00 64.00 64.00
4480.00 4096.00 64.00 64.00
4288.00 3968.00 64.00 64.00
4480.00 3968.00 64.00 64.00
4416.00 3968.00 64.00 64.00
4352.00 3968.00 64.00 64.00
2304.00 832.00 64.00 64.00
2368.00 768.00 64.00 64.00
2432.00 768.00 64.00 64.00
2432.00 832.00 64.00 64.00
2368.00 832.00 64.00 64.00
2304.00 768.00 64.00 64.00
3456.00 1280.00 64.00 64.00
3520.00 1280.00 64.00 64.00
3584.00 1280.00 64.00 64.00
3456.00 1344.00 64.00 64.00
3520.00 1344.00 64.00 64.00
3584.00 1344.00 64.00 64.00
3456.00 1408.00 64.00 64.00
3520.00 1408.00 64.00 64.00
3584.00 1408.00 64.00 64.00
3392.00 1344.00 64.00 64.00
3392.00 1408.00 64.00 64.00
3392.00 1472.00 64.00 64.00
3328.00 1408.00 64.00 64.00
3328.00 1472.00 64.00 64.00
3328.00 1536.00 64.00 64.00
3456.00 1472.00 64.00 64.00
3520.00 1472.00 64.00 64.00
3456.00 1536.00 64.00 64.00
3520.00 1536.00 64.00 64.00
3456.00 1600.00 64.00 64.00
3520.00 1600.00 64.00 64.00
3392.00 1536.00 64.00 64.00
3328.00 1600.00 64.00 64.00
3392.00 1600.00 64.00 64.00
3328.00 1728.00 64.00 64.00
3456.00 1728.00 64.00 64.00
3520.00 1728.00 64.00 64.00
3456.00 1792.00 64.00 64.00
3520.00 1792.00 64.00 64.00
3392.00 1728.00 64.00 64.00
3328.00 1792.00 64.00 64.00
3392.00 1792.00 64.00 64.00
3392.00 1856.00 64.00 64.00
3456.00 1856.00 64.00 64.00
3264.00 1856.00 64.00 64.00
3328.00 1856.00 64.00 64.00
640.00 2112.00 64.00 64.00
704.00 2112.00 64.00 64.00
768.00 2112.00 64.00 64.00
640.00 2176.00 64.00 64.00
704.00 2176.00 64.00 64.00
768.00 2176.00 64.00 64.00
640.00 2240.00 64.00 64.00
704.00 2240.00 64.00 64.00
768.00 2240.00 64.00 64.00
832.00 2176.00 64.00 64.00
896.00 2176.00 64.00 64.00
960.00 2176.00 64.00 64.00
832.00 2240.00 64.00 64.00
896.00 2240.00 64.00 64.00
960.00 2240.00 64.00 64.00
960.00 2048.00 64.00 64.00
1024.00 2048.00 64.00 64.00
1088.00 2048.00 64.00 64.00
960.00 2112.00 64.00 64.00
1024.00 2112.00 64.00 64.00
1088.00 2112.00 64.00 64.00
3968.00 2176.00 64.00 64.00
4032.00 2176.00 64.00 64.00
3648.00 2048.00 64.00 64.00
4096.00 2176.00 64.00 64.00
4160.00 2176.00 64.00 64.00
4224.00 2176.00 64.00 64.00
4096.00 2240.00 64.00 64.00
4160.00 2240.00 64.00 64.00
4224.00 2240.00 64.00 64.00
4096.00 2304.00 64.00 64.00
4160.00 2304.00 64.00 64.00
4224.00 2304.00 64.00 64.00
4096.00 2368.00 64.00 64.00
4160.00 2368.00 64.00 64.00
4224.00 2368.00 64.00 64.00
4288.00 2240.00 64.00 64.00
4352.00 2240.00 64.00 64.00
4416.00 2240.00 64.00 64.00
4288.00 2304.00 64.00 64.00
4352.00 2304.00 64.00 64.00
4416.00 2304.00 64.00 64.00
4288.00 2368.00 64.00 64.00
4352.00 2368.00 64.00 64.00
4416.00 2368.00 64.00 64.00
4480.00 2240.00 64.00 64.00
3968.00 2240.00 64.00 64.00
4032.00 2240.00 64.00 64.00
4480.00 2304.00 64.00 64.00
3968.00 2304.00 64.00 64.00
4032.00 2304.00 64.00 64.00
4480.00 2368.00 64.00 64.00
3968.00 2368.00 64.00 64.00
4032.00 2368.00 64.00 64.00
4288.00 2176.00 64.00 64.00
2688.00 896.00 64.00 64.00
2752.00 896.00 64.00 64.00
2624.00 896.00 64.00 64.00
2688.00 960.00 64.00 64.00
2752.00 960.00 64.00 64.00
2624.00 960.00 64.00 64.00
3904.00 2240.00 64.00 64.00
3776.00 2048.00 64.00 64.00
3840.00 2048.00 64.00 64.00
3776.00 2112.00 64.00 64.00
3840.00 2112.00 64.00 64.00
3712.00 2048.00 64.00 64.00
3712.00 2112.00 64.00 64.00
3648.00 2112.00 64.00 64.00
2944.00 2240.00 64.00 64.00
3072.00 2240.00 64.00 64.00
3136.00 2240.00 64.00 64.00
3072.00 2304.00 64.00 64.00
3136.00 2304.00 64.00 64.00
3008.00 2240.00 64.00 64.00
3008.00 2304.00 64.00 64.00
2944.00 2304.00 64.00 64.00
3072.00 2368.00 64.00 64.00
3136.00 2368.00 64.00 64.00
3008.00 2368.00 64.00 64.00
2944.00 2368.00 64.00 64.00
3008.00 3264.00 64.00 64.00
3072.00 3328.00 64.00 64.00
3072.00 3200.00 64.00 64.00
3136.00 3264.00 64.00 64.00
3072.00 3264.00 64.00 64.00
3136.00 3328.00 64.00 64.00
3136.00 3392.00 64.00 64.00
3200.00 3456.00 64.00 64.00
3200.00 3328.00 64.00 64.00
3264.00 3392.00 64.00 64.00
3200.00 3392.00 64.00 64.00
3264.00 3456.00 64.00 64.00
3648.00 1536.00 64.00 64.00
3776.00 1536.00 64.00 64.00
3840.00 1536.00 64.00 64.00
3776.00 1600.00 64.00 64.00
3840.00 1600.00 64.00 64.00
3712.00 1536.00 64.00 64.00
3712.00 1600.00 64.00 64.00
3648.00 1600.00 64.00 64.00
3712.00 1472.00 64.00 64.00
3776.00 1472.00 64.00 64.00
3712.00 1408.00 64.00 64.00
3776.00 1408.00 64.00 64.00
4480.00 1792.00 64.00 64.00
4544.00 1792.00 64.00 64.00
4480.00 1856.00 64.00 64.00
4544.00 1856.00 64.00 64.00
4480.00 1920.00 64.00 64.00
4544.00 1920.00 64.00 64.00
4480.00 1728.00 64.00 64.00
4544.00 1728.00 64.00 64.00
4608.00 1792.00 64.00 64.00
4608.00 1728.00 64.00 64.00
2688.00 1024.00 64.00 64.00
2752.00 1024.00 64.00 64.00
2624.00 1024.00 64.00 64.00
2688.00 1088.00 64.00 64.00
2752.00 1088.00 64.00 64.00
2624.00 1088.00 64.00 64.00
2496.00 960.00 64.00 64.00
2560.00 960.00 64.00 64.00
2432.00 960.00 64.00 64.00
2496.00 1024.00 64.00 64.00
2560.00 1024.00 64.00 64.00
2432.00 1024.00 64.00 64.00
2496.00 1088.00 64.00 64.00
2560.00 1088.00 64.00 64.00
2432.00 1088.00 64.00 64.00
2496.00 1152.00 64.00 64.00
2560.00 1152.00 64.00 64.00
2432.00 1152.00 64.00 64.00
2624.00 1152.00 64.00 64.00
2688.00 1152.00 64.00 64.00
2368.00 960.00 64.00 64.00
2368.00 1024.00 64.00 64.00
2368.00 1088.00 64.00 64.00
2368.00 1152.00 64.00 64.00
2304.00 960.00 64.00 64.00
2304.00 1024.00 64.00 64.00
2304.00 1088.00 64.00 64.00
2304.00 1152.00 64.00 64.00
3712.00 4288.00 64.00 64.00
3776.00 4288.00 64.00 64.00
3840.00 4288.00 64.00 64.00
3904.00 4288.00 64.00 64.00
3968.00 4288.00 64.00 64.00
3968.00 4352.00 64.00 64.00
3904.00 4352.00 64.00 64.00
3840.00 4352.00 64.00 64.00
3776.00 4352.00 64.00 64.00
3712.00 4352.00 64.00 64.00
Objects
266
